,,Target,Target,Target,Target,Target,Target,Target,Target,Target,Target,Target,Target,Alternative_Usage,Alternative_Usage,Alternative_Usage,Alternative_Usage,Alternative_Usage,Alternative_Usage,Alternative_Usage,Alternative_Usage,Alternative_Usage,Alternative_Usage,Alternative_Usage,Alternative_Usage,Alternative_Usage,Alternative_Usage,Alternative_Usage,Costs,Costs,Costs,Costs,Costs,Costs,Costs,Costs,Costs,Costs,Costs,Costs,Demographics,Demographics,Demographics,Demographics,Demographics,Demographics,Demographics,Demographics,Demographics,Demographics,Demographics,Demographics,Demographics,Demographics,Demographics,Demographics,Demographics,Demographics,Demographics,Demographics,Demographics,Demographics,Demographics,Demographics,Demographics,Demographics,Demographics,Demographics,Demographics,Education,Education,Education,Education,Education,Education,Education,Education,Education,Education,Education,Education,Education,Education,Education,Education,Education,Geographic,Geographic,Geographic,Geographic,Geographic,Geographic,Govt_Incentives,Govt_Incentives,Govt_Incentives,Govt_Incentives,ID,Living_Situation,Living_Situation,Living_Situation,Living_Situation,Living_Situation,Local_Climate,Local_Climate,Local_Climate,Local_Climate,Local_Climate,Local_Climate,Local_Climate,Local_Climate,Local_Climate,Local_Climate,Local_Climate,Local_Climate,Logistic,Logistic,Logistic,Logistic,Logistic,Logistic,Logistic,Logistic,Logistic,Logistic,Logistic,Logistic,Logistic,Logistic,Occupation,Occupation,Occupation,Occupation,Occupation,Occupation,Occupation,Occupation,Occupation,Occupation,Occupation,Occupation,Occupation,Occupation,Occupation,Political_Views,Political_Views,Tax,Tax,Tax,Tax,Tax,Welfare,Welfare,Welfare,Welfare,Welfare,Welfare,Welfare,Welfare,Welfare,Welfare,Welfare,Welfare
,,tile_count,solar_system_count,total_panel_area,solar_panel_area_divided_by_area,solar_panel_area_per_capita,tile_count_residential,tile_count_nonresidential,solar_system_count_residential,solar_system_count_nonresidential,total_panel_area_residential,total_panel_area_nonresidential,number_of_solar_system_per_household,heating_fuel_coal_coke,heating_fuel_electricity,heating_fuel_fuel_oil_kerosene,heating_fuel_gas,heating_fuel_housing_unit_count,heating_fuel_none,heating_fuel_other,heating_fuel_solar,heating_fuel_gas_rate,heating_fuel_electricity_rate,heating_fuel_fuel_oil_kerosene_rate,heating_fuel_coal_coke_rate,heating_fuel_solar_rate,heating_fuel_other_rate,heating_fuel_none_rate,electricity_price_residential,electricity_price_commercial,electricity_price_industrial,electricity_price_overall,electricity_consume_residential,electricity_consume_commercial,electricity_consume_industrial,electricity_consume_total,housing_unit_median_gross_rent,mortgage_with_rate,net_metering,avg_electricity_retail_rate,population,population_density,race_asian,race_black_africa,race_indian_alaska,race_islander,race_other,race_two_more,race_white,race_white_rate,race_black_africa_rate,race_indian_alaska_rate,race_asian_rate,race_islander_rate,race_other_rate,race_two_more_rate,age_18_24_rate,age_25_34_rate,age_more_than_85_rate,age_75_84_rate,age_35_44_rate,age_45_54_rate,age_65_74_rate,age_55_64_rate,age_10_14_rate,age_15_17_rate,age_5_9_rate,age_median,diversity,education_bachelor,education_college,education_doctoral,education_high_school_graduate,education_less_than_high_school,education_master,education_population,education_professional_school,education_less_than_high_school_rate,education_high_school_graduate_rate,education_college_rate,education_bachelor_rate,education_master_rate,education_professional_school_rate,education_doctoral_rate,dropout_16_19_inschool_rate,number_of_years_of_education,land_area,total_area,water_area,lat,lon,elevation,incentive_count_residential,incentive_count_nonresidential,incentive_residential_state_level,incentive_nonresidential_state_level,fips,household_count,average_household_size,housing_unit_count,housing_unit_occupied_count,household_type_family_rate,heating_design_temperature,cooling_design_temperature,earth_temperature_amplitude,frost_days,air_temperature,relative_humidity,daily_solar_radiation,atmospheric_pressure,wind_speed,earth_temperature,heating_degree_days,cooling_degree_days,transportation_home_rate,transportation_car_alone_rate,transportation_walk_rate,transportation_carpool_rate,transportation_motorcycle_rate,transportation_bicycle_rate,transportation_public_rate,travel_time_less_than_10_rate,travel_time_10_19_rate,travel_time_20_29_rate,travel_time_30_39_rate,travel_time_40_59_rate,travel_time_60_89_rate,travel_time_average,employ_rate,occupation_construction_rate,occupation_public_rate,occupation_information_rate,occupation_finance_rate,occupation_education_rate,occupation_administrative_rate,occupation_manufacturing_rate,occupation_wholesale_rate,occupation_retail_rate,occupation_transportation_rate,occupation_arts_rate,occupation_agriculture_rate,occupancy_vacant_rate,occupancy_owner_rate,voting_2016_dem_percentage,voting_2016_gop_percentage,feedin_tariff,cooperate_tax,property_tax,sales_tax,rebate,average_household_income,employed,gini_index,per_capita_income,poverty_family_below_poverty_level,poverty_family_count,unemployed,poverty_family_below_poverty_level_rate,median_household_income,housing_unit_median_value,health_insurance_public_rate,health_insurance_none_rate
Target,tile_count,1,0.90428204,0.784246383,0.491118842,0.770935807,0.869584262,0.731517665,0.86721521,0.842560151,0.868899076,0.633298836,0.784413796,-0.065924367,0.052154779,-0.00035166,0.173508759,0.181041834,0.069200903,-0.035139671,0.247568113,0.057454123,-0.032831374,-0.021229137,-0.082969183,0.185359792,-0.0558693,0.038403852,0.227168951,0.30229651,0.34612349,0.293037069,-0.213823921,-0.036999504,-0.048114371,-0.048175825,0.301512149,0.190176737,0.144694638,0.280333978,0.247396047,-0.050436506,0.236671103,-0.05114885,0.011630278,0.102788302,0.128702924,0.261283593,0.186714941,-0.003195822,-0.10136758,-0.013129411,0.168357883,0.068816137,0.067804966,0.126115712,-0.032045221,-0.059885197,-0.003179464,-0.003425193,0.042841333,0.046485736,0.016404162,-0.013377657,0.059922322,0.052731627,0.032759539,0.028167743,0.111370806,0.226672563,0.256488218,0.141712123,0.053299494,0.048582993,0.189030356,0.245260859,0.159086289,-0.071283103,-0.178478308,0.075658591,0.122217041,0.091393378,0.083224777,0.068548068,0.064047425,0.117983405,-0.0369746,-0.037379216,-0.022107617,-0.122772069,-0.283223693,0.095571342,0.37536081,0.372003122,0.276752036,0.256508717,-0.264105893,0.181041834,0.161794024,0.151842888,0.181041834,0.158993446,0.220892007,0.138810642,-0.004345746,-0.238677895,0.163616649,-0.358596744,0.332171823,-0.102789743,0.001932601,0.215856413,-0.196366559,0.094637079,0.1161762,0.046515237,-0.072950776,-0.001829064,0.084939707,0.00731374,-0.065183989,-0.088683144,-0.02641747,0.020227119,0.029126747,0.046577592,0.054081003,0.085981308,0.029913425,-0.026319592,0.055781349,0.064131331,0.082940134,-0.019605946,0.1032352,-0.08801761,0.042733478,-0.019662454,-0.038236275,-0.017088771,-0.016381111,-0.112596892,0.11789008,0.099860033,-0.109350103,0.335411947,-0.018479932,0.188273749,0.082722395,0.2973643,0.19989278,0.212493494,-0.081997241,0.132347438,-0.0139021,0.241548689,0.154513754,-0.124885652,0.228408393,0.226056819,-0.112211786,-0.093861127
Target,solar_system_count,0.90428204,1,0.474208131,0.589130083,0.864753468,0.992137252,0.377344487,0.993907104,0.708217669,0.989970871,0.270709533,0.881986937,-0.075909377,0.077936216,-0.020645735,0.188855627,0.207670732,0.075445806,-0.045643895,0.283174001,0.058442742,-0.021917714,-0.041202713,-0.09333938,0.211322954,-0.069600696,0.039741025,0.235649134,0.323808899,0.372488121,0.311535876,-0.224816347,-0.037314496,-0.052505853,-0.052566137,0.349852858,0.211940837,0.146550401,0.297640843,0.276506008,-0.045890104,0.263485687,-0.059963703,0.002775149,0.115055342,0.130460392,0.292251001,0.214327863,0.004098531,-0.115160616,-0.020470687,0.18549302,0.077232513,0.063454759,0.141237939,-0.045122244,-0.078369809,0.00164942,0.012226081,0.042360751,0.056191787,0.038599412,0.00180488,0.061838126,0.058813749,0.029015045,0.050002382,0.109827849,0.268229963,0.295639749,0.172396005,0.054425552,0.037516669,0.222850128,0.27982342,0.195536415,-0.095789069,-0.20890249,0.090593176,0.149109244,0.11087422,0.106976447,0.08642352,0.074347741,0.147832641,-0.047316756,-0.047751348,-0.026043047,-0.158522912,-0.326037514,0.102914229,0.428323627,0.418789748,0.29359072,0.272305064,-0.302950991,0.207670732,0.174926401,0.178751694,0.207670732,0.18047923,0.267981802,0.156555237,-0.022604463,-0.278608697,0.201404581,-0.385048856,0.385508841,-0.110782854,-0.010400449,0.259576783,-0.236269521,0.12945975,0.145430934,0.054223083,-0.091232737,-0.009784255,0.10164348,0.011283285,-0.073395061,-0.106168518,-0.034119844,0.029719661,0.042000213,0.057795249,0.056342605,0.097433504,0.039886845,-0.030616172,0.058165811,0.077358647,0.103173602,-0.020372515,0.12575728,-0.103394138,0.044813326,-0.020111423,-0.050227923,-0.015329344,-0.035365604,-0.118944421,0.140509884,0.107061318,-0.118102606,0.379653878,-0.018093461,0.205718984,0.066231609,0.334017618,0.234165399,0.23826375,-0.090000463,0.161175923,-0.023143179,0.276991902,0.165515539,-0.147044498,0.264740836,0.267490015,-0.127518538,-0.108217
Target,total_panel_area,0.784246383,0.474208131,1,0.190017031,0.374617918,0.407399086,0.952817906,0.407077588,0.747324412,0.412623138,0.97549029,0.379221806,-0.036472026,0.031796005,0.012517422,0.082699589,0.095998921,0.042761683,-0.016391366,0.112223622,0.018828079,-0.010353432,-0.001269624,-0.046944726,0.084789707,-0.027514162,0.026319382,0.124255656,0.160080038,0.191911328,0.159575717,-0.108289624,-0.019000083,-0.027071633,-0.027100485,0.139116988,0.091209633,0.080751694,0.153011279,0.135914825,-0.044210144,0.120830012,-0.018384429,0.020104306,0.047876701,0.082145237,0.132303602,0.097194773,-0.010491278,-0.048497534,0.000935032,0.086511117,0.030869143,0.049641306,0.059741615,-0.004765786,-0.021763409,-0.005845677,-0.014263627,0.02542748,0.018314348,-0.007952473,-0.026775151,0.036126144,0.02651044,0.02284307,-0.003338248,0.077311237,0.103952932,0.128886465,0.06007593,0.042908539,0.049873726,0.087895779,0.12932406,0.063678946,-0.015927849,-0.079210944,0.030358771,0.046448067,0.035417511,0.026035124,0.024414482,0.027354827,0.0402961,-0.010512459,-0.01061873,-0.00604866,-0.06588243,-0.128954836,0.045629704,0.18552493,0.183635087,0.148554132,0.133605072,-0.134220737,0.095998921,0.089790524,0.079682854,0.095998921,0.079946607,0.110281285,0.086175276,0.00522972,-0.126031593,0.087695521,-0.19459044,0.170676572,-0.049106923,0.005625543,0.113926057,-0.103975201,0.050418958,0.046251265,0.026804913,-0.030285073,0.009195561,0.037944727,-0.000797017,-0.040332082,-0.03658597,-0.006313534,0.003983583,0.005622985,0.013347933,0.029036959,0.03918827,0.006116744,-0.011533593,0.032106377,0.026210105,0.029993875,-0.014396861,0.043042019,-0.041767129,0.025773616,-0.008732422,-0.012917454,-0.010833948,0.011622701,-0.059258152,0.050069766,0.053054696,-0.055875661,0.161147808,-0.01285342,0.090985565,0.078037628,0.141585907,0.087848531,0.112335266,-0.040417124,0.050926882,0.0068779,0.125184608,0.092816778,-0.054639238,0.102577852,0.095420753,-0.053550796,-0.038276436
Target,solar_panel_area_divided_by_area,0.491118842,0.589130083,0.190017031,1,0.670737643,0.606252207,0.111844513,0.605390076,0.29009112,0.592229857,0.061237496,0.697178943,-0.134991076,-0.058480484,-0.061106148,0.101694162,0.004994093,0.162835553,-0.095694256,0.159397383,0.121415502,-0.072294691,-0.068057968,-0.135994692,0.157086378,-0.10860626,0.161905871,0.315931615,0.427126847,0.44874957,0.39780623,-0.317625724,-0.023056555,0.000101477,-1.16041E-05,0.382785688,0.252052819,0.208117911,0.382381365,0.072859311,0.122333388,0.28313104,-0.064556979,-0.015585828,0.121802508,0.190189332,0.213955628,-0.019647195,-0.114465169,-0.07908348,-0.02505906,0.303775281,0.119181154,0.18460065,0.193835458,-0.005441864,0.053582671,-0.019284798,-0.051251365,0.10697664,0.026799536,-0.06424751,-0.06864389,0.001830664,0.014083855,-0.005029236,-0.040273702,0.231891878,0.127343872,0.081597721,0.094078455,-0.103549806,0.035110008,0.098919058,0.073023466,0.10253592,-0.01186277,-0.239719157,0.031068394,0.143182213,0.100120524,0.100681398,0.086793353,0.071060966,0.107175217,-0.076441714,-0.077362122,-0.04797273,-0.15562736,-0.416796432,0.097720051,0.521013265,0.531904432,0.382903947,0.340505115,-0.349198107,0.004994093,0.215136275,-0.039609745,0.004994093,0.104699025,0.309350256,0.144975921,-0.044955761,-0.329278983,0.214998475,-0.47621993,0.434599578,-0.108428732,0.021534384,0.285429739,-0.269883357,0.113041686,0.081733082,-0.060478559,-0.038511439,0.004688916,0.108215903,0.117344264,0.045384263,-0.164680507,-0.047444279,0.053716205,0.095739305,0.064424696,0.083697732,0.118235731,0.003052729,-0.050065291,0.003646207,0.150965063,0.075076505,-0.036337107,0.181589055,-0.122374434,0.034452734,-0.03287702,-0.045897422,0.058045107,-0.099937167,-0.179052417,0.023655727,0.244690285,-0.255871505,0.49578559,-0.037590553,0.289726902,0.002443004,0.449392925,0.187273782,0.085361073,-0.076304584,0.128346175,-0.05915832,0.038368064,0.094701856,-0.094121739,0.216704579,0.344142208,-0.118498654,-0.037356279
Target,solar_panel_area_per_capita,0.770935807,0.864753468,0.374617918,0.670737643,1,0.864000391,0.296619109,0.862145401,0.595390656,0.87044859,0.192506004,0.966930543,-0.093627555,7.16453E-05,-0.033232876,0.072069968,0.039022705,0.044989697,-0.063263111,0.240410176,0.05302757,-0.014484638,-0.041232495,-0.100733833,0.222836252,-0.07295296,0.035642632,0.237932515,0.329717337,0.375458977,0.316749532,-0.222084566,-0.030950001,-0.050381884,-0.050433839,0.367827204,0.187164967,0.148415244,0.302967055,0.083793497,-0.048018466,0.169243477,-0.094747427,-0.012444479,0.07486747,0.068981379,0.167713005,0.067884847,0.015206156,-0.113877199,-0.022625051,0.167025891,0.0707559,0.051022347,0.129459166,-0.058786969,-0.100069069,0.040866444,0.070553411,0.001731974,0.067633419,0.102128713,0.053880344,0.021977716,0.034256946,-0.018628196,0.112932737,0.084121869,0.153523333,0.13637844,0.117335447,-0.070842513,-0.052574871,0.132515351,0.098241199,0.141579251,-0.114286274,-0.219212265,0.096013023,0.159513876,0.124052692,0.132320069,0.099182021,0.077557881,0.167466924,-0.052679849,-0.053181545,-0.0294771,-0.180319122,-0.336982235,0.114454252,0.43367359,0.422998058,0.302786616,0.282854818,-0.322840974,0.039022705,0.131807667,0.025548825,0.039022705,0.152843921,0.287395551,0.179104364,-0.019898746,-0.296841293,0.222858364,-0.413427857,0.418178731,-0.122775789,-0.008159489,0.285679472,-0.255985803,0.150445839,0.174997677,0.05226921,-0.090236893,-0.029183948,0.107366345,0.023500408,-0.074049158,-0.103281885,-0.02493158,0.038590415,0.040857294,0.044151298,0.042510477,0.083797102,0.040333821,-0.027567495,0.052401339,0.085203122,0.121484907,-0.015814419,0.140334473,-0.130749782,0.038425399,-0.022549585,-0.059735108,0.003905222,-0.050064186,-0.083419296,0.139161074,0.115630912,-0.1260827,0.381088058,-0.022460789,0.207336378,0.07928933,0.336519989,0.249411255,0.070066261,-0.069865964,0.194745661,-0.103101304,0.098057922,0.042780889,-0.156537896,0.271444855,0.290626029,-0.105791614,-0.118463686
Target,tile_count_residential,0.869584262,0.992137252,0.407399086,0.606252207,0.864000391,1,0.299442818,0.997769726,0.627851948,0.994585366,0.197764029,0.883267595,-0.073013492,0.062263487,-0.016507923,0.194807478,0.200851414,0.069709197,-0.044505581,0.285978979,0.06804559,-0.034231032,-0.036356413,-0.089850601,0.212959148,-0.068543685,0.035041094,0.24011609,0.327193583,0.370536648,0.313377402,-0.231376834,-0.040369733,-0.052441944,-0.05250858,0.350595576,0.216623002,0.151091359,0.299456935,0.270993044,-0.040786309,0.26548567,-0.058880026,0.00152609,0.117497367,0.128577258,0.294398215,0.20756165,0.001401493,-0.112252751,-0.020982857,0.187254044,0.078599173,0.061385087,0.143898714,-0.046922285,-0.078536389,-0.001740159,0.007536263,0.045343111,0.059498836,0.033778078,0.00317667,0.064640752,0.062366818,0.032051362,0.047579026,0.109052889,0.263706586,0.292659758,0.168132395,0.050258864,0.033164517,0.218112299,0.27341638,0.191021924,-0.09784416,-0.206474191,0.094295617,0.148010749,0.109418876,0.104113281,0.084019277,0.07544762,0.147402903,-0.049470851,-0.049904491,-0.026668269,-0.146120093,-0.326451609,0.104021747,0.42517175,0.41881766,0.296808517,0.274923095,-0.296657084,0.200851414,0.177509586,0.169876056,0.200851414,0.183780928,0.257288063,0.151153968,-0.015961923,-0.270612845,0.190395492,-0.386427086,0.3757179,-0.112087973,-0.008296369,0.24874188,-0.22604425,0.117349599,0.13975185,0.054151921,-0.093889178,-0.009602349,0.099354701,0.008380373,-0.069708534,-0.110004049,-0.038147002,0.030056733,0.043679175,0.062042511,0.061001972,0.103636881,0.039566014,-0.029857299,0.060885721,0.076894075,0.100691599,-0.016669412,0.122399195,-0.100595615,0.044281979,-0.020515285,-0.047478794,-0.018465668,-0.039321683,-0.123444483,0.1450999,0.107768982,-0.119222965,0.382003847,-0.017877569,0.211117407,0.057202555,0.337708179,0.233160729,0.235158164,-0.096326892,0.158825147,-0.026090417,0.272242177,0.16344383,-0.147625747,0.266398029,0.265910796,-0.129280582,-0.111837003
Target,tile_count_nonresidential,0.731517665,0.377344487,0.952817906,0.111844513,0.296619109,0.299442818,1,0.297944806,0.761091137,0.305595447,0.950615916,0.296057583,-0.026564494,0.014801944,0.022114804,0.066269909,0.072480155,0.037458176,-0.006444823,0.083480462,0.017057608,-0.016171817,0.009181328,-0.036250461,0.064105046,-0.013307562,0.025820686,0.107392139,0.132319773,0.157155847,0.133505754,-0.093673483,-0.015749302,-0.020556556,-0.020583288,0.098490498,0.068353493,0.070957521,0.128181747,0.10384071,-0.04113771,0.090722094,-0.017530155,0.020365341,0.036370994,0.07114525,0.098356808,0.074176445,-0.008110316,-0.040867624,0.003604051,0.066746995,0.024439348,0.04625489,0.044990102,0.002871428,-0.00726925,-0.003740684,-0.017024467,0.020169876,0.007665404,-0.014944186,-0.030235327,0.026528214,0.015773878,0.019042724,-0.011270512,0.064614737,0.073859012,0.091491432,0.041664136,0.033589916,0.048080506,0.064081963,0.096368833,0.043629252,-0.002632474,-0.059762802,0.015986864,0.031778965,0.025508035,0.017050288,0.01643724,0.019576709,0.02443785,-0.003134269,-0.003317312,-0.005893596,-0.035462053,-0.096490888,0.041033305,0.138208926,0.140494829,0.124917507,0.116021998,-0.100691125,0.072480155,0.067519232,0.058831623,0.072480155,0.053448293,0.071552304,0.05950173,0.013643318,-0.087520062,0.053248014,-0.159315597,0.123043445,-0.043843122,0.015189971,0.073622937,-0.067304813,0.020824851,0.031510529,0.015105479,-0.011315909,0.009724812,0.026934652,0.002560259,-0.029697417,-0.019463178,0.001628644,-0.002418816,-0.004032527,0.004330562,0.0202658,0.023034407,0.003167022,-0.009628733,0.02371181,0.017741556,0.021224977,-0.014866266,0.030466021,-0.031168456,0.021426694,-0.009665034,-0.00832279,-0.00752217,0.02264339,-0.047111789,0.027437531,0.044145899,-0.046667298,0.120624472,-0.011022292,0.072278625,0.080854342,0.108270868,0.064291845,0.08588147,-0.025429905,0.036420779,0.009163595,0.09081735,0.072874077,-0.037466997,0.073496695,0.069625648,-0.038309127,-0.026937364
Target,solar_system_count_residential,0.86721521,0.993907104,0.407077588,0.605390076,0.862145401,0.997769726,0.297944806,1,0.626087189,0.992701543,0.197873432,0.883199663,-0.075503018,0.075587824,-0.022575374,0.191015559,0.206828014,0.074725707,-0.047067789,0.283163594,0.062295496,-0.025328167,-0.042299845,-0.092333325,0.210643988,-0.071207227,0.038912912,0.237292622,0.325992922,0.374492222,0.313102394,-0.228049925,-0.03979139,-0.052687841,-0.052752534,0.355008523,0.215147363,0.148689822,0.299106158,0.275886316,-0.041029564,0.268935086,-0.05948231,0.000731772,0.11740456,0.129203182,0.295591519,0.212223989,0.002212589,-0.114246287,-0.021740573,0.190040331,0.07882167,0.061826648,0.143604279,-0.047880588,-0.080720622,0.00181387,0.012859286,0.043675622,0.059848113,0.039704573,0.005323781,0.06170359,0.059930489,0.028308972,0.0526661,0.109486595,0.27079589,0.297105184,0.174233526,0.052550195,0.034101886,0.22455914,0.280133496,0.19708074,-0.099145473,-0.210308381,0.092034202,0.151696921,0.112548415,0.108000067,0.087680971,0.075786346,0.150702822,-0.050048455,-0.050467724,-0.026454458,-0.157297058,-0.327476747,0.099146239,0.432638293,0.422417455,0.294906308,0.271862691,-0.302257903,0.206828014,0.176672616,0.17716894,0.206828014,0.183367805,0.269723966,0.150764878,-0.027972928,-0.278808327,0.20086852,-0.379927079,0.383184038,-0.106966383,-0.011489917,0.258689721,-0.236413582,0.128919358,0.145187468,0.05431589,-0.09465636,-0.011025356,0.101249957,0.010887204,-0.071201526,-0.111123007,-0.037651948,0.031794169,0.045694653,0.061555752,0.059156737,0.102132024,0.040320601,-0.031020656,0.057711297,0.079550283,0.103194346,-0.018961294,0.127772829,-0.102355649,0.044564762,-0.019986433,-0.050423923,-0.016148599,-0.041133684,-0.121582699,0.144661136,0.109917471,-0.121184278,0.385374944,-0.017890444,0.208770477,0.057682873,0.339324176,0.23648254,0.23868637,-0.093595317,0.162815396,-0.02585565,0.277697635,0.165619943,-0.149436647,0.26849362,0.27224915,-0.129110879,-0.110441772
Target,solar_system_count_nonresidential,0.842560151,0.708217669,0.747324412,0.29009112,0.595390656,0.627851948,0.761091137,0.626087189,1,0.644989017,0.647690547,0.582449971,-0.053400708,0.067196281,-0.001456103,0.112545576,0.14436923,0.055100081,-0.021424079,0.189564182,0.014431473,0.007177698,-0.020545073,-0.068905923,0.145764391,-0.036285912,0.031898621,0.147167335,0.2027008,0.236428942,0.198443079,-0.129733191,-0.009105375,-0.03397077,-0.033982872,0.201095042,0.121290292,0.08436668,0.189792878,0.189004642,-0.061842271,0.141417459,-0.043210623,0.014945471,0.06194666,0.095355687,0.174174881,0.156902155,0.014822649,-0.082920969,-0.005564851,0.095003566,0.041504344,0.052891832,0.079358144,-0.012527493,-0.037386812,5.0436E-05,0.00412574,0.019925346,0.014183327,0.018751536,-0.021331661,0.04224326,0.032204629,0.023939191,0.016399341,0.075681644,0.163061669,0.188452993,0.103596075,0.048433242,0.046978393,0.138182652,0.185269223,0.120959422,-0.042602552,-0.130790587,0.051393997,0.083207836,0.063472392,0.065031136,0.049779549,0.040538209,0.080544027,-0.014166705,-0.014555684,-0.014792581,-0.113934031,-0.208962742,0.093004237,0.258993794,0.257013962,0.188041611,0.185057633,-0.207171517,0.14436923,0.10587423,0.129756992,0.14436923,0.102273022,0.168172021,0.141854122,0.019259712,-0.185163778,0.138211764,-0.290477578,0.272870051,-0.098580385,1.84411E-05,0.179388331,-0.15718671,0.090094658,0.098880548,0.035691155,-0.039122937,0.001402037,0.070539526,0.010087678,-0.063165484,-0.039312232,-0.000208653,0.006600366,0.004442319,0.014589065,0.019678723,0.03510639,0.023913596,-0.017897248,0.041835322,0.037729723,0.068909989,-0.022672343,0.071245533,-0.075842227,0.031580798,-0.014258983,-0.032356649,-0.005010719,0.013279707,-0.062697685,0.067438118,0.053350078,-0.059294305,0.217416075,-0.013408361,0.118119709,0.099078478,0.189531733,0.141859506,0.156736985,-0.037201537,0.097356238,0.001886875,0.180840113,0.110092785,-0.083078534,0.153124655,0.148518436,-0.075134915,-0.05816761
Target,total_panel_area_residential,0.868899076,0.989970871,0.412623138,0.592229857,0.87044859,0.994585366,0.305595447,0.992701543,0.644989017,1,0.202072763,0.876994209,-0.072574135,0.079917637,-0.020606984,0.177726781,0.20030269,0.067793022,-0.044259154,0.280505261,0.050182691,-0.014700635,-0.039810168,-0.088713942,0.208239486,-0.06750193,0.032792222,0.220314896,0.304424685,0.348896022,0.292981058,-0.206823246,-0.031571066,-0.050418085,-0.050467227,0.334469876,0.205730203,0.134158808,0.280135333,0.26841093,-0.04396659,0.24544389,-0.054610424,0.002764772,0.109700753,0.124655096,0.281844374,0.209528717,0.006244721,-0.107942878,-0.019876854,0.168928294,0.071821332,0.057647676,0.132841129,-0.046818674,-0.08006046,0.000329392,0.015230779,0.03781151,0.054332066,0.042792829,0.004370876,0.063423959,0.061184357,0.029977826,0.051622433,0.100259598,0.253469791,0.294294334,0.157292807,0.058956114,0.034300595,0.208128166,0.271087678,0.182941993,-0.095157714,-0.194211803,0.099449346,0.137279993,0.099677647,0.097348573,0.075125675,0.071794538,0.138853172,-0.047348484,-0.047753555,-0.025254859,-0.162285821,-0.309115712,0.101245128,0.404960987,0.395017696,0.275684663,0.257384235,-0.293095825,0.20030269,0.171554896,0.174043982,0.20030269,0.179828079,0.260834903,0.16772146,-0.013608881,-0.271761596,0.202447853,-0.377454462,0.378798175,-0.109116328,-0.012341556,0.2599064,-0.232980336,0.136499447,0.138708194,0.057736749,-0.093884747,-0.00911002,0.099901979,0.00252679,-0.073655483,-0.107095698,-0.037423914,0.031243793,0.044329519,0.059822348,0.056013648,0.099792032,0.036361735,-0.025823524,0.061375818,0.068373063,0.100251532,-0.017439889,0.113507358,-0.104620892,0.042524612,-0.013652478,-0.043648875,-0.01315108,-0.036570005,-0.109262337,0.140410678,0.093574774,-0.10314135,0.35644602,-0.019253833,0.19223545,0.067191511,0.31303886,0.219635686,0.229187669,-0.093874438,0.148806243,-0.021130376,0.270565359,0.162717271,-0.142088416,0.250959895,0.243741496,-0.119935264,-0.10386808
Target,total_panel_area_nonresidential,0.633298836,0.270709533,0.97549029,0.061237496,0.192506004,0.197764029,0.950615916,0.197873432,0.647690547,0.202072763,1,0.195874751,-0.021682066,0.014880631,0.018436241,0.045983107,0.054828533,0.029599442,-0.006931951,0.0528986,0.008120898,-0.00758049,0.008251708,-0.029043135,0.040859513,-0.013276147,0.02037623,0.080374949,0.098574074,0.122055247,0.100796232,-0.066467935,-0.012801759,-0.016927222,-0.016946372,0.068777437,0.048368154,0.054413318,0.096841456,0.081292145,-0.036912423,0.070621515,-0.006574314,0.020947589,0.024975472,0.058207376,0.074164424,0.053885582,-0.012788373,-0.026067612,0.005806877,0.052206543,0.015839889,0.039446944,0.032142304,0.006185767,-0.004059426,-0.006364642,-0.019014995,0.0182048,0.006566206,-0.018887499,-0.02984358,0.023520552,0.013723088,0.017318478,-0.016059371,0.058903137,0.050537074,0.067482955,0.026595066,0.031892029,0.045336683,0.044225946,0.07355937,0.024272947,0.005861745,-0.038250022,0.008617179,0.01677726,0.014001014,0.004476016,0.008101843,0.01206789,0.009782849,0.000135126,0.000118717,-0.00040261,-0.031631876,-0.063976131,0.024602165,0.101645448,0.102015509,0.093124413,0.081472447,-0.0735077,0.054828533,0.055097953,0.043629254,0.054828533,0.042515593,0.055561946,0.052136988,0.008910253,-0.069856626,0.045382803,-0.118037002,0.092001033,-0.026439341,0.009029686,0.059704975,-0.055510563,0.021235178,0.016220661,0.014872518,-0.009882156,0.01208742,0.016663999,-0.001467311,-0.02557105,-0.013465355,0.002252232,-0.003264411,-0.004662842,-9.9776E-05,0.017688579,0.018027573,-0.002207228,-0.006162451,0.019693397,0.011663634,0.008031074,-0.011266137,0.018857842,-0.019633788,0.017438431,-0.006090833,-0.003344341,-0.008471443,0.021330384,-0.037318325,0.019914921,0.034438156,-0.035160205,0.087155542,-0.009168495,0.051387111,0.067672237,0.076608929,0.041395327,0.065415197,-0.020778281,0.018808383,0.012499253,0.069234946,0.060486543,-0.024422578,0.049664939,0.043713588,-0.028603759,-0.016062567
Target,number_of_solar_system_per_household,0.784413796,0.881986937,0.379221806,0.697178943,0.966930543,0.883267595,0.296057583,0.883199663,0.582449971,0.876994209,0.195874751,1,-0.096583667,-0.027750053,-0.038330926,0.088629496,0.02833098,0.067059552,-0.06722343,0.245122096,0.084942458,-0.046851872,-0.044952857,-0.103067625,0.229025077,-0.07607513,0.064817373,0.272229265,0.37270841,0.417996294,0.354471466,-0.265577511,-0.044757073,-0.054966356,-0.055045584,0.400687689,0.224870483,0.17349953,0.339084045,0.110048884,-0.038593332,0.216513602,-0.091690188,-0.010156101,0.09799666,0.116918016,0.204563273,0.069060516,-0.01386521,-0.117272696,-0.022387139,0.21019424,0.091408681,0.093625378,0.153694094,-0.034189745,-0.089653764,0.000563786,0.008428139,0.032644897,0.072082722,0.035103447,0.013407554,0.058934656,0.068589129,0.017848223,0.053595417,0.127581242,0.151847178,0.14132736,0.112892515,-0.06863615,-0.010691701,0.12606956,0.109262183,0.132051961,-0.078254497,-0.226427018,0.086628141,0.147742303,0.110856637,0.117667728,0.092244306,0.07690982,0.143735647,-0.055221876,-0.05579177,-0.032088189,-0.168227431,-0.375211293,0.117222319,0.4830232,0.478449794,0.337513726,0.309491651,-0.335840978,0.02833098,0.220279819,0.002585902,0.02833098,0.206066106,0.293280951,0.171207177,-0.018801026,-0.308146014,0.21699257,-0.441995003,0.430142013,-0.126463453,-0.004978792,0.28408706,-0.258155621,0.133526035,0.153760654,0.045481391,-0.090664996,-0.003337742,0.105071342,0.021174831,-0.070096626,-0.118377094,-0.037538071,0.034113758,0.050914588,0.058097682,0.063834109,0.105484516,0.030300708,-0.022556836,0.050353232,0.083727033,0.101246154,-0.024736139,0.135549796,-0.112537738,0.052229018,-0.028097042,-0.051319553,-0.006733685,-0.037434401,-0.124545084,0.154644826,0.138104316,-0.151445411,0.438538205,-0.019319991,0.242054964,0.046408157,0.390012968,0.26062608,0.090880908,-0.099678682,0.172283977,-0.089373371,0.108778132,0.071018999,-0.149910222,0.293145535,0.310725638,-0.128377496,-0.103683039
Alternative_Usage,heating_fuel_coal_coke,-0.065924367,-0.075909377,-0.036472026,-0.134991076,-0.093627555,-0.073013492,-0.026564494,-0.075503018,-0.053400708,-0.072574135,-0.021682066,-0.096583667,1,-0.046845041,0.245473425,-0.107050007,0.077322989,-0.074331582,0.315301177,0.091265594,-0.212911531,-0.096718151,0.23479746,0.901044578,0.08326328,0.298486416,-0.081851715,-0.002031566,-0.003534168,-0.023792337,-0.016042691,-0.070498002,-0.126926561,-0.019831538,-0.020023818,-0.18864068,-0.172468714,0.047191985,-0.016253088,0.048792262,-0.169876625,-0.136956304,-0.174930514,0.195157515,-0.021267573,-0.120125063,-0.064189502,0.189085844,0.255164361,-0.195036515,0.173380751,-0.16149287,-0.025211939,-0.141621961,-0.098054314,-0.100518073,-0.203643443,-0.017496923,0.096627495,-0.113641917,0.129354409,0.231191306,0.263944261,0.002498796,0.032155264,-0.045201132,0.234031995,-0.319854445,-0.076158595,0.120183409,-0.064692205,0.25913625,0.009823743,-0.070874033,0.086360274,-0.085468244,-0.051306567,0.243537098,0.092051274,-0.155788453,-0.121272028,-0.112811849,-0.088299843,-0.033054931,-0.083738027,0.289366053,0.29042829,0.116150813,0.223782743,-0.023533829,0.158789774,-0.084291585,-0.06224571,0.014155503,0.050432676,0.099240189,0.077322989,-0.06702307,0.156684075,0.077322989,0.106214363,-0.220615528,-0.212911496,0.139580619,0.243482617,-0.259353726,0.017126249,-0.151574644,-0.162079252,-0.078053006,-0.253801154,0.252829097,-0.255335598,0.125932841,0.100952839,-0.026750468,0.039812761,-0.006645528,-0.069829637,-0.158998885,0.092552256,-0.097361706,-0.038945204,-0.023740807,0.055644988,0.003847455,0.04953484,0.049200395,0.179695271,0.080895184,-0.118097372,-0.170696763,-0.006378588,-0.219632557,0.127371926,-0.066655194,-0.009814509,0.024087982,-0.107506496,0.224971057,0.226093712,0.145602028,-0.269345031,0.255683152,0.017469336,0.002123216,-0.039744953,-0.053712552,0.012910246,-0.078470058,0.011379587,-0.046564784,-0.069868116,-0.00905,0.115086569,-0.025023884,-0.091889012,-0.067598739,-0.100513068,0.084019749,-0.049418601
Alternative_Usage,heating_fuel_electricity,0.052154779,0.077936216,0.031796005,-0.058480484,7.16453E-05,0.062263487,0.014801944,0.075587824,0.067196281,0.079917637,0.014880631,-0.027750053,-0.046845041,1,-0.166255321,-0.251915304,0.57476372,0.099066443,-0.070968381,0.005775491,-0.675301752,0.814357889,-0.223026887,-0.11406458,-0.034827367,-0.146247806,-0.000295582,-0.39721245,-0.319736345,-0.192803267,-0.303950846,0.552386893,0.173928701,-0.003580236,-0.003174977,-0.067429081,-0.024100454,-0.319768791,-0.305335242,0.509808752,-0.110082394,0.038954076,0.21669867,0.011400459,0.039061001,0.002322221,0.202585222,0.429540825,0.040890742,0.019339388,-0.030293428,-0.057822646,0.007948598,-0.092167001,-0.020786983,0.01525636,0.095529323,-0.009032676,0.027534019,0.038115741,-0.106057937,0.045715928,-0.093676969,-0.055428239,-0.081857864,-0.018751512,-0.024601261,0.070053534,0.29128661,0.497271585,0.127426357,0.408636534,0.251199137,0.191308781,0.522166656,0.124200178,-0.009820354,-0.030431649,0.09423854,0.006263455,-0.043966887,-0.025803234,-0.01067485,-0.020829014,-0.001762696,-0.027086411,-0.026433433,0.009459967,-0.512719079,-0.011747275,-0.149039107,0.049870744,-0.077312831,-0.295158104,-0.30037248,-0.017243975,0.57476372,-0.081695003,0.591269336,0.57476372,-0.078652684,0.491631705,0.218763991,-0.406740202,-0.436553008,0.518511204,0.19780242,0.256327356,0.158881857,-0.345586663,0.488238955,-0.492671843,0.529688909,-0.022575888,0.168868749,-0.089806189,0.030016074,0.070913604,-0.022629194,-0.186514852,-0.058462519,0.063821628,0.089745999,0.063694481,-0.041130259,-0.132207976,-0.073562868,0.047296256,0.0508453,0.066046223,-0.023936347,0.034948576,-0.103525744,0.045731982,-0.109980752,-0.003080833,0.114760619,-0.01387229,0.055395138,-0.016294613,0.031013142,-0.081176539,-0.16874347,0.196464936,-0.066159614,-0.009026488,-0.142696161,0.027212117,-0.175081806,-0.097134947,0.453885727,0.040717171,-0.044910522,0.303056316,0.477497492,0.312825341,0.010616057,-0.113737809,-0.134488449,-0.054921295,0.181347635
Alternative_Usage,heating_fuel_fuel_oil_kerosene,-0.00035166,-0.020645735,0.012517422,-0.061106148,-0.033232876,-0.016507923,0.022114804,-0.022575374,-0.001456103,-0.020606984,0.018436241,-0.038330926,0.245473425,-0.166255321,1,-0.096735291,0.13576009,-0.035464803,0.247761272,0.002247554,-0.226028653,-0.24950474,0.915464897,0.185662192,-0.008041279,0.171403684,-0.063659396,0.446084072,0.328659412,0.195618642,0.388653008,-0.25909691,-0.116739034,-0.030224371,-0.03043685,0.098925546,0.028136355,0.189399115,0.390553101,0.101231225,0.17617967,-0.007609274,-0.055926221,-0.037119432,-0.047699944,0.006563808,-0.018891284,0.14506839,0.111434593,-0.090981283,-0.039748958,-0.024899022,-0.053214741,-0.021281162,-0.070428555,-0.052956327,-0.087603577,0.055165938,0.04751343,-0.008904746,0.162706243,0.065456295,0.116513362,-0.038117732,-0.003621237,-0.082214324,0.139826357,-0.128555739,0.125885361,0.026824693,0.098557013,0.155851621,-0.023071324,0.194423723,0.144029464,0.123978497,-0.105260588,0.046472013,-0.146648684,0.066596313,0.142293897,0.066453185,0.049142092,0.045705687,0.095047634,-0.018482565,-0.017770896,0.013646029,0.272900583,0.372516432,-0.142086283,-0.109441144,-0.112244932,0.308630053,0.224471449,0.114093666,0.13576009,-0.054583851,0.1321199,0.13576009,0.031344326,-0.235070601,-0.224719089,0.001470909,0.222370877,-0.239692574,0.061522461,-0.299391763,0.141200213,0.187456138,-0.265982941,0.23806693,-0.235045168,0.03510549,-0.106716412,0.065471974,-0.121603504,-0.062472104,-0.045457785,0.166792311,-0.041158082,-0.122472571,-0.044009058,0.011306146,0.121190806,0.149576266,0.162790005,0.087068552,0.011349608,-0.006120275,0.051525495,0.083790438,0.128633045,0.00359787,-0.040990818,-0.009787616,-0.025394339,-0.049034596,-0.080519015,-0.061966368,-0.029409999,0.086113876,0.07171188,-0.062714218,-0.115851533,-0.007238344,0.19820762,0.24749226,0.072839947,0.155405861,0.146224221,-0.010926282,0.15649026,-0.078768966,0.121708685,0.030163922,-0.142230792,0.161531207,0.143635581,-0.03974424,-0.209761858
Alternative_Usage,heating_fuel_gas,0.173508759,0.188855627,0.082699589,0.101694162,0.072069968,0.194807478,0.066269909,0.191015559,0.112545576,0.177726781,0.045983107,0.088629496,-0.107050007,-0.251915304,-0.096735291,1,0.561886755,-0.019126415,0.06924817,0.063184786,0.687935045,-0.557017096,-0.178130624,-0.180622475,0.006068075,-0.039725435,-0.088393937,0.157913902,0.133851702,0.098605909,0.104581051,-0.34669082,-0.082908014,0.005999167,0.00578137,0.180370365,0.280168206,0.204190698,0.099816894,0.530096531,0.074322707,0.293238048,0.029618693,-0.005197205,0.074168071,0.111989374,0.315309761,0.446622173,0.043607213,-0.116071075,-0.051133098,0.166088734,0.02306276,0.003738297,0.087428473,-0.074723251,0.044701671,-0.005909295,-0.077835107,0.137013807,0.034219741,-0.116185345,-0.048518186,0.077153281,0.041191637,0.074458104,-0.054009527,0.035602625,0.531460508,0.462524776,0.291767547,0.236867996,0.026149087,0.462132742,0.53848524,0.306383899,-0.222305994,-0.216941995,0.031814779,0.267974821,0.217809847,0.124268921,0.11432989,0.100381997,0.255033372,-0.077625741,-0.079025469,-0.061283194,0.320104762,-0.136250679,0.165657647,0.021144469,0.117773544,0.133636899,0.151166582,-0.018830975,0.561886755,0.003113075,0.45157742,0.561886755,0.062774105,-0.302943149,-0.096339846,0.313232704,0.255789268,-0.325912434,-0.177304323,-0.117706592,-0.171955395,0.190080411,-0.29683693,0.300867717,-0.348154265,0.015176294,0.025259169,-0.058061428,-0.100782908,-0.010124439,0.010737955,0.043266513,-0.033838123,-0.002687266,0.019160837,-0.020279221,0.039846447,0.026778484,0.015623813,0.156712189,-0.162647406,-0.036561206,0.126426177,0.135438602,0.048262523,0.11198622,0.098125287,0.064807859,-0.08798007,-0.039715515,-0.094328282,-0.126533007,-0.332436675,0.181239016,0.13530247,-0.169085775,0.099701384,0.01516928,0.060239853,-0.092469782,0.10405963,0.219037633,0.57061221,-0.125839947,0.197217007,0.039380394,0.536906608,0.242655667,-0.204825735,0.256164858,0.163354012,-0.234700627,-0.265125718
Alternative_Usage,heating_fuel_housing_unit_count,0.181041834,0.207670732,0.095998921,0.004994093,0.039022705,0.200851414,0.072480155,0.206828014,0.14436923,0.20030269,0.054828533,0.02833098,0.077322989,0.57476372,0.13576009,0.561886755,1,0.098890011,0.142620151,0.077473313,-0.107029367,0.13432961,-0.009535393,-0.07192117,-0.008631679,-0.041072965,-0.056888291,-0.049306725,-0.038892255,-0.00601252,-0.032522756,0.074827325,0.021945746,-0.011860372,-0.011796711,0.102724251,0.199150027,-0.025871873,-0.037379343,0.905661833,0.017908804,0.258557457,0.164204712,0.018838132,0.077505544,0.096078742,0.417533549,0.79785233,0.134233682,-0.136066875,-0.057987096,0.064388784,0.007097107,-0.084678034,0.020402407,-0.075486396,0.070635978,0.002852541,-0.015328542,0.129638867,0.003846804,-0.010622062,-0.05295183,0.001555531,-0.034346067,0.01082457,0.004907268,0.013052466,0.712225059,0.820343831,0.370966072,0.619542681,0.240813318,0.593180239,0.941347162,0.387735594,-0.218598683,-0.163170669,0.063440748,0.225047222,0.169693943,0.088260042,0.089413941,0.074941536,0.221801728,-0.055595855,-0.055843127,-0.023482977,-0.057005589,-0.016116012,-0.014808776,0.030874642,0.005045135,-0.0241754,-0.038050293,0.008036325,1,-0.084994063,0.931975192,1,0.00554032,0.071416149,0.00698432,-0.070302418,-0.063330212,0.064946617,0.030095088,0.015887102,0.01674503,-0.079303866,0.058045347,-0.066163581,0.056607542,0.021766342,0.130168332,-0.097366712,-0.089892783,0.03296086,-0.027250781,-0.079549221,-0.082355017,-0.004068821,0.072428911,0.042708394,0.047273869,-0.037436363,0.013452897,0.199354737,-0.064544422,0.029796723,0.08834088,0.144996369,-0.012077262,0.107397461,-0.011143204,0.041697912,0.013835125,-0.057264929,-0.065979728,-0.106535874,-0.229625598,0.114839735,-0.031694388,0.028305993,0.007314334,0.000299187,-0.0023484,0.020485162,-0.021401669,0.135974773,0.901326778,-0.073679003,0.164633962,0.267235361,0.894514539,0.475883588,-0.211150322,0.154279832,0.06260031,-0.237529163,-0.130368499
